1 2
128 1
16384 0
2097152 -1
268435456 0
34359738368 1
4398046511104 2
4 1
130 -2
16386 -1
2097154 -2
268435458 1
34359738370 -1
4398046511106 2
257 2
512 0
16640 -1
2097408 0
268435712 2
34359738624 2
4398046511360 3
32769 2
32896 2
65536 0
2129920 0
268468224 0
34359771136 0
4398046543872 3
4194305 4
4194432 2
4210688 2
8388608 1
272629760 2
34363932672 2
4398050705408 4
536870913 3
536871040 0
536887296 0
538968064 0
1073741824 0
34896609280 2
4398583382016 2
68719476737 3
68719476864 2
68719493120 2
68721573888 0
68987912192 -1
137438953472 0
4466765987840 2
8796093022209 2
8796093022336 -1
8796093038592 1
8796095119360 -2
8796361457664 -1
8830452760576 -2
17592186044416 1
9 2
133 0
16389 0
2097157 -1
268435461 1
34359738373 -1
4398046511109 1
259 2
513 2
16641 3
2097409 2
268435713 2
34359738625 2
4398046511361 2
32771 3
32897 3
65537 1
2129921 3
268468225 3
34359771137 2
4398046543873 4
4194307 5
4194433 5
4210689 5
8388609 2
272629761 5
34363932673 4
4398050705409 4
536870915 5
536871041 4
536887297 1
538968065 -1
1073741825 2
34896609281 2
4398583382017 4
68719476739 3
68719476865 3
68719493121 2
68721573889 2
68987912193 2
137438953473 1
4466765987841 2
8796093022211 2
8796093022337 1
8796093038593 1
8796095119361 -2
8796361457665 2
8830452760577 1
17592186044417 2
132 0
386 -2
16514 0
2097282 2
268435586 -2
34359738498 2
4398046511234 1
641 3
1152 2
17024 2
2097792 1
268436096 0
34359739008 1
4398046511744 2
33152 1
65664 1
2130048 3
268468352 2
34359771264 2
4398046544000 2
4194688 0
4210816 4
8388736 0
272629888 3
34363932800 5
4398050705536 4
536871296 2
536887424 1
538968192 -2
1073741952 1
34896609408 2
4398583382144 2
68719477120 -2
68719493248 0
68721574016 -2
68987912320 -2
137438953600 0
4466765987968 2
8796093022592 -3
8796093038720 0
8796095119488 -3
8796361457792 0
8830452760704 2
17592186044544 1
16388 0
49154 0
2113538 -2
268451842 0
34359754754 0
4398046527490 2
16896 0
49408 1
2113792 2
268452096 0
34359755008 -2
4398046527744 2
81921 4
82048 0
147456 1
2179072 0
268517376 3
34359820288 2
4398046593024 3
4243456 0
8404992 0
272646144 3
34363949056 3
4398050721792 5
536920064 0
538984448 2
1073758208 0
34896625664 2
4398583398400 3
68719525888 0
68721590272 0
68987928576 0
137438969856 0
4466766004224 2
8796093071360 -3
8796095135744 -3
8796361474048 0
8830452776960 -2
17592186060800 1
2097156 0
6291458 -4
270532610 -3
34361835522 -3
4398048608258 -2
2097664 -2
6291712 0
270532864 0
34361835776 -2
4398048608512 2
2162688 0
6324224 0
270565376 2
34361868288 -2
4398048641024 -1
10485761 3
10485888 3
10502144 2
18874368 -1
278921216 2
34370224128 3
4398056996864 3
543162368 0
1075838976 0
34898706432 3
4398585479168 3
68725768192 0
68990009344 2
137441050624 -2
4466768084992 2
8796099313664 -4
8796363554816 -2
8830454857728 2
17592188141568 0
268435460 1
805306370 -3
34628173826 0
4398314946562 1
268435968 0
805306624 0
34628174080 0
4398314946816 2
268500992 0
805339136 0
34628206592 1
4398314979328 1
276824064 0
809500672 0
34632368128 4
4398319140864 5
1342177281 3
1342177408 2
1342193664 3
1344274432 0
2415919104 1
35701915648 0
4399388688384 4
69524783104 1
137707388928 0
4467034423296 3
8796898328576 0
8830721196032 0
17592454479872 0
34359738372 1
103079215106 -3
4432406249474 1
34359738880 0
103079215360 -2
4432406249728 3
34359803904 1
103079247872 2
4432406282240 4
34368126976 0
103083409408 0
4432410443776 5
35433480192 1
103616086016 1
4432943120384 3
171798691841 2
171798691968 1
171798708224 0
171800788992 1
172067127296 2
309237645312 2
4569845202944 3
8899172237312 -2
17626545782784 0
4398046511108 2
13194139533314 2
4398046511616 1
13194139533568 3
4398046576640 2
13194139566080 5
4398054899712 2
13194143727616 5
4399120252928 1
13194676404224 3
4535485464576 2
13262859010048 2
21990232555521 1
21990232555648 -1
21990232571904 1
21990234652672 -1
21990500990976 0
22024592293888 0
39582418599936 2
20 1
140 -1
16396 -1
2097164 -2
268435468 2
34359738380 1
4398046511116 2
264 3
516 0
16644 0
2097412 0
268435716 3
34359738628 3
4398046511364 3
32776 3
32900 0
65540 0
2129924 0
268468228 2
34359771140 2
4398046543876 4
4194312 4
4194436 3
4210692 1
8388612 1
272629764 4
34363932676 4
4398050705412 4
536870920 3
536871044 2
536887300 2
538968068 -1
1073741828 -1
34896609284 1
4398583382020 2
68719476744 3
68719476868 2
68719493124 1
68721573892 2
68987912196 2
137438953476 1
4466765987844 2
8796093022216 2
8796093022340 -1
8796093038596 0
8796095119364 0
8796361457668 2
8830452760580 0
17592186044420 1
138 -2
390 -1
16518 0
2097286 -2
268435590 -1
34359738502 0
4398046511238 0
644 2
1154 -2
17026 3
2097794 4
268436098 2
34359739010 2
4398046511746 3
33154 -1
65666 -3
2130050 -1
268468354 -1
34359771266 -2
4398046544002 0
4194690 -1
4210818 3
8388738 -2
272629890 2
34363932802 4
4398050705538 3
536871298 0
536887426 3
538968194 0
1073741954 0
34896609410 -2
4398583382146 0
68719477122 0
68719493250 0
68721574018 2
68987912322 -2
137438953602 0
4466765987970 0
8796093022594 -2
8796093038722 0
8796095119490 -1
8796361457794 -2
8830452760706 -2
17592186044546 0
16394 0
49158 -2
2113542 -3
268451846 -3
34359754758 0
4398046527494 2
16898 -1
49410 -3
2113794 -1
268452098 0
34359755010 -2
4398046527746 1
81924 3
82050 3
147458 -1
2179074 0
268517378 1
34359820290 2
4398046593026 2
4243458 -2
8404994 -3
272646146 1
34363949058 0
4398050721794 2
536920066 -3
538984450 0
1073758210 -2
34896625666 1
4398583398402 2
68719525890 -2
68721590274 1
68987928578 2
137438969858 -2
4466766004226 -1
8796093071362 -4
8796095135746 -4
8796361474050 -4
8830452776962 -2
17592186060802 2
2097162 -2
6291462 -5
270532614 -5
34361835526 -3
4398048608262 -2
2097666 -3
6291714 -5
270532866 -4
34361835778 -3
4398048608514 0
2162690 -4
6324226 -5
270565378 0
34361868290 0
4398048641026 -1
10485764 3
10485890 4
10502146 1
18874370 -2
278921218 0
34370224130 -2
4398056996866 3
543162370 -5
1075838978 -2
34898706434 -2
4398585479170 0
68725768194 -4
68990009346 0
137441050626 -2
4466768084994 2
8796099313666 -3
8796363554818 -4
8830454857730 -1
17592188141570 0
268435466 2
805306374 -4
34628173830 0
4398314946566 2
268435970 2
805306626 2
34628174082 2
4398314946818 4
268500994 0
805339138 0
34628206594 2
4398314979330 2
276824066 2
809500674 2
34632368130 3
4398319140866 4
1342177284 4
1342177410 2
1342193666 2
1344274434 -2
2415919106 -2
35701915650 2
4399388688386 3
69524783106 -2
137707388930 -2
4467034423298 1
8796898328578 -4
8830721196034 0
17592454479874 0
34359738378 1
103079215110 -3
4432406249478 2
34359738882 -2
103079215362 -2
4432406249730 3
34359803906 -2
103079247874 -1
4432406282242 3
34368126978 -2
103083409410 2
4432410443778 3
35433480194 -2
103616086018 -2
4432943120386 2
171798691844 3
171798691970 2
171798708226 2
171800788994 0
172067127298 3
309237645314 -1
4569845202946 3
8899172237314 -2
17626545782786 -1
4398046511114 2
13194139533318 2
4398046511618 -1
13194139533570 3
4398046576642 0
13194139566082 4
4398054899714 2
13194143727618 4
4399120252930 -2
13194676404226 2
4535485464578 0
13262859010050 1
21990232555524 0
21990232555650 -1
21990232571906 0
21990234652674 -2
21990500990978 2
22024592293890 2
39582418599938 2
265 0
517 0
16645 0
2097413 1
268435717 0
34359738629 2
4398046511365 2
771 3
1281 2
17153 3
2097921 2
268436225 3
34359739137 3
4398046511873 4
33027 0
33281 0
65793 0
2130177 2
268468481 0
34359771393 2
4398046544129 2
4194563 4
4194817 3
4210945 2
8388865 -2
272630017 3
34363932929 4
4398050705665 4
536871171 4
536871425 2
536887553 3
538968321 2
1073742081 2
34896609537 3
4398583382273 4
68719476995 2
68719477249 0
68719493377 1
68721574145 2
68987912449 -2
137438953729 0
4466765988097 0
8796093022467 1
8796093022721 0
8796093038849 1
8796095119617 2
8796361457921 -1
8830452760833 0
17592186044673 2
1026 -2
1537 0
2560 -1
17920 -2
2098688 0
268436992 -1
34359739904 4
4398046512640 3
33792 18
66048 18
2130432 -2
268468736 -1
34359771648 18
4398046544384 18
4195328 18
4211200 -1
8389120 18
272630272 2
34363933184 18
4398050705920 18
536871936 1
536887808 0
538968576 0
1073742336 0
34896609792 2
4398583382528 0
68719477760 0
68719493632 -1
68721574400 0
68987912704 -1
137438953984 -1
4466765988352 0
8796093023232 -1
8796093039104 -2
8796095119872 -2
8796361458176 -2
8830452761088 0
17592186044928 1
17664 -1
49920 2
2114304 2
268452608 4
34359755520 2
4398046528256 3
82177 4
82432 3
147712 -1
2179328 3
268517632 4
34359820544 4
4398046593280 4
4243712 0
8405248 -3
272646400 4
34363949312 2
4398050722048 3
536920320 -2
538984704 3
1073758464 -1
34896625920 4
4398583398656 2
68719526144 -2
68721590528 3
68987928832 2
137438970112 -1
4466766004480 -2
8796093071616 -2
8796095136000 0
8796361474304 2
8830452777216 -2
17592186061056 2
2098432 0
6292224 2
270533376 3
34361836288 3
4398048609024 4
2162944 0
6324480 -4
270565632 0
34361868544 0
4398048641280 0
10486017 4
10486272 4
10502400 5
18874624 0
278921472 3
34370224384 2
4398056997120 4
543162624 -3
1075839232 0
34898706688 3
4398585479424 2
68725768448 -5
68990009600 3
137441050880 0
4466768085248 2
8796099313920 -4
8796363555072 1
8830454857984 2
17592188141824 2
268436736 -2
805307136 2
34628174592 3
4398314947328 3
268501248 0
805339392 0
34628206848 2
4398314979584 2
276824320 2
809500928 2
34632368384 4
4398319141120 4
1342177537 3
1342177792 2
1342193920 4
1344274688 -1
2415919360 -1
35701915904 2
4399388688640 4
69524783360 -2
137707389184 -1
4467034423552 1
8796898328832 -2
8830721196288 0
17592454480128 1
34359739648 2
103079215872 4
4432406250240 4
34359804160 18
103079248128 18
4432406282496 18
34368127232 18
103083409664 18
4432410444032 18
35433480448 2
103616086272 2
4432943120640 3
171798692097 3
171798692352 3
171798708480 2
171800789248 0
172067127552 3
309237645568 2
4569845203200 3
8899172237568 0
17626545783040 2
4398046512384 3
13194139534080 4
4398046576896 18
13194139566336 18
4398054899968 18
13194143727872 18
4399120253184 0
13194676404480 3
4535485464832 0
13262859010304 2
21990232555777 1
21990232556032 -1
21990232572160 0
21990234652928 2
21990500991232 2
22024592294144 3
39582418600192 3
32777 4
32901 2
65541 0
2129925 0
268468229 0
34359771141 0
4398046543877 2
98307 4
98433 4
163841 0
2195457 3
268533761 4
34359836673 4
4398046609409 4
4227075 18
4227201 2
4259841 18
8421377 18
272662529 2
34363965441 2
4398050738177 18
536903683 18
536903809 4
536936449 18
539000833 0
1073774593 18
34896642049 4
4398583414785 18
68719509507 3
68719509633 3
68719542273 0
68721606657 2
68987944961 2
137438986241 0
4466766020609 4
8796093054979 2
8796093055105 2
8796093087745 -2
8796095152129 0
8796361490433 2
8830452793345 0
17592186077185 2
33409 4
33920 0
66176 2
2130560 2
268468864 3
34359771776 2
4398046544512 3
98688 3
163968 -1
2195584 2
268533888 4
34359836800 3
4398046609536 4
4227456 -1
4259968 0
8421504 -2
272662656 2
34363965568 0
4398050738304 3
536904064 0
536936576 1
539000960 0
1073774720 0
34896642176 0
4398583414912 4
68719509888 2
68719542400 2
68721606784 3
68987945088 4
137438986368 2
4466766020736 3
8796093055360 -2
8796093087872 -2
8796095152256 -2
8796361490560 1
8830452793472 -2
17592186077312 1
131074 -3
131328 18
196609 2
196736 2
327680 0
2293760 -1
268632064 2
34359934976 3
4398046707712 4
4325376 18
8454144 18
272695296 0
34363998208 18
4398050770944 18
537001984 18
539033600 -3
1073807360 18
34896674816 0
4398583447552 18
68719607808 -2
68721639424 0
68987977728 -1
137439019008 0
4466766053376 2
8796093153280 -3
8796095184896 -2
8796361523200 -2
8830452826112 0
17592186109952 -1
2260992 0
6389760 3
270630912 2
34361933824 3
4398048706560 3
10518529 5
10518656 6
10551296 5
18907136 0
278953984 5
34370256896 5
4398057029632 5
543195136 -3
1075871744 -3
34898739200 0
4398585511936 0
68725800960 -3
68990042112 3
137441083392 0
4466768117760 2
8796099346432 -5
8796363587584 0
8830454890496 0
17592188174336 -1
268599296 0
805404672 3
34628272128 4
4398315044864 4
276856832 -2
809533440 0
34632400896 4
4398319173632 4
1342210049 4
1342210176 3
1342242816 2
1344307200 2
2415951872 0
35701948416 3
4399388721152 4
69524815872 -2
137707421696 0
4467034456064 3
8796898361344 -3
8830721228800 3
17592454512640 2
34359902208 0
103079313408 5
4432406347776 4
34368159744 18
103083442176 18
4432410476544 18
35433512960 1
103616118784 0
4432943153152 4
171798724609 3
171798724736 2
171798757376 0
171800821760 3
172067160064 3
309237678080 4
4569845235712 3
8899172270080 0
17626545815552 2
4398046674944 6
13194139631616 11
4398054932480 18
13194143760384 18
4399120285696 18
13194676436992 18
4535485497344 2
13262859042816 4
21990232588289 2
21990232588416 2
21990232621056 2
21990234685440 -1
21990501023744 0
22024592326656 1
39582418632704 3
4194313 4
4194437 3
4210693 2
8388613 1
272629765 0
34363932677 3
4398050705413 2
12582915 11
12583041 7
12599297 5
20971521 4
281018369 5
34372321281 6
4398059094017 10
541065219 18
541065345 18
541081601 4
545259521 18
1077936129 18
34900803585 3
4398587576321 18
68723671043 18
68723671169 18
68723687425 4
68727865345 18
68992106497 3
137443147777 18
4466770182145 4
8796097216515 4
8796097216641 3
8796097232897 4
8796101410817 2
8796365651969 2
8830456954881 3
17592190238721 4
4194945 3
4195456 5
4211328 3
8389248 2
272630400 3
34363933312 4
4398050706048 4
12583296 7
12599424 5
20971648 0
281018496 5
34372321408 5
4398059094144 6
541065600 18
541081728 4
545259648 18
1077936256 18
34900803712 0
4398587576448 2
68723671424 18
68723687552 4
68727865472 18
68992106624 2
137443147904 18
4466770182272 4
8796097216896 2
8796097233024 3
8796101410944 -2
8796365652096 0
8830456955008 4
17592190238848 4
4276225 4
4276352 5
4341760 0
8470528 3
272711680 4
34364014592 2
4398050787328 4
12632064 5
20987904 0
281034752 5
34372337664 5
4398059110400 5
541114368 0
545275904 -2
1077952512 0
34900819968 2
4398587592704 2
68723720192 2
68727881728 2
68992122880 4
137443164160 2
4466770198528 3
8796097265664 2
8796101427200 2
8796365668352 1
8830456971264 2
17592190255104 4
16777218 -3
16777472 18
16809984 18
25165825 4
25165952 4
25182208 3
41943040 1
293601280 3
34384904192 4
4398071676928 4
553648128 18
1082130432 18
34904997888 -2
4398591770624 18
68736253952 18
68996300800 -3
137447342080 18
4466774376448 -2
8796109799424 -3
8796369846272 -3
8830461149184 -2
17592194433024 1
289406976 0
817889280 5
34640756736 5
4398327529472 5
1346371585 4
1346371712 2
1346387968 4
1350565888 3
2420113408 0
35706109952 5
4399392882688 4
69528977408 0
137711583232 -1
4467038617600 2
8796902522880 -2
8830725390336 3
17592458674176 1
34380709888 0
103091798016 7
4432418832384 7
35437674496 0
103620280320 -1
4432947314688 2
171802886145 4
171802886272 4
171802902528 3
171807080448 2
172071321600 3
309241839616 5
4569849397248 3
8899176431616 -1
17626549977088 3
4398067482624 4
13194152116224 11
4399124447232 18
13194680598528 18
4535489658880 3
13262863204352 4
21990236749825 2
21990236749952 3
21990236766208 0
21990240944128 1
21990505185280 2
22024596488192 3
39582422794240 4
536870921 3
536871045 1
536887301 0
538968069 -1
1073741829 2
34896609285 2
4398583382021 2
1610612739 11
1610612865 4
1610629121 4
1612709889 3
2684354561 6
35970351105 4
4399657123841 4
69256347651 18
69256347777 18
69256364033 2
69258444801 0
69793218561 18
137975824385 18
4467302858753 2
8796629893123 4
8796629893249 3
8796629909505 2
8796631990273 -1
8797166764033 0
8830989631489 0
17592722915329 4
536871553 3
536872064 4
536887936 3
538968704 3
1073742464 0
34896609920 2
4398583382656 3
1610613120 5
1610629248 4
1612710016 3
2684354688 0
35970351232 3
4399657123968 4
69256348032 18
69256364160 2
69258444928 0
69793218688 18
137975824512 18
4467302858880 2
8796629893504 -1
8796629909632 2
8796631990400 0
8797166764160 -2
8830989631616 -2
17592722915456 2
536952833 4
536952960 3
537018368 0
539049984 2
1073823744 2
34896691200 3
4398583463936 4
1610661888 3
1612726272 2
2684370944 0
35970367488 4
4399657140224 4
69256396800 0
69258461184 0
69793234944 0
137975840768 -1
4467302875136 0
8796629942272 0
8796632006656 0
8797166780416 0
8830989647872 -1
17592722931712 2
547356673 5
547356800 5
547373056 5
555745280 0
1084227584 5
34907095040 6
4398593867776 5
1616904192 3
2686451712 0
35972448256 2
4399659220992 3
69262639104 -4
69795315712 0
137977921536 -2
4467304955904 2
8796636184576 -5
8797168861184 -4
8830991728640 -1
17592725012480 0
2147483650 -3
2147483904 -2
2147516416 18
2151677952 18
3221225473 4
3221225600 3
3221241856 2
3223322624 -1
5368709120 0
37580963840 2
4401267736576 2
70866960384 18
138512695296 18
4467839729664 0
8798240505856 -3
8831526502400 -3
17593259786240 0
37044092928 -1
104689827840 3
4434016862208 4
172335562753 3
172335562880 2
172335579136 3
172337659904 2
172872433664 2
309774516224 0
4570382073856 4
8899709108224 -1
17627082653696 0
4400730865664 0
13195750146048 4
4536022335488 0
13263395880960 0
21990769426433 2
21990769426560 0
21990769442816 0
21990771523584 0
21991306297344 0
22025129164800 2
39582955470848 4
68719476745 3
68719476869 3
68719493125 2
68721573893 2
68987912197 0
137438953477 -1
4466765987845 1
206158430211 4
206158430337 4
206158446593 3
206160527361 4
206426865665 3
343597383681 3
4604204941313 4
8864812498947 3
8864812499073 3
8864812515329 4
8864814596097 0
8865080934401 1
8933531975681 -1
17660905521153 3
68719477377 3
68719477888 2
68719493760 3
68721574528 0
68987912832 2
137438954112 3
4466765988480 3
206158430592 4
206158446720 3
206160527488 3
206426865792 2
343597383808 2
4604204941440 3
8864812499328 -2
8864812515456 2
8864814596224 -3
8865080934528 -2
8933531975808 -2
17660905521280 3
68719558657 4
68719558784 2
68719624192 -1
68721655808 -1
68987994112 4
137439035392 2
4466766069760 3
206158479360 2
206160543744 3
206426882048 4
343597400064 -2
4604204957696 3
8864812548096 2
8864814612480 -4
8865080950784 0
8933531992064 2
17660905537536 3
68729962497 4
68729962624 2
68729978880 3
68738351104 0
68998397952 5
137449439232 4
4466776473600 4
206164721664 2
206428962816 2
343599480832 0
4604207038464 2
8864818790400 -5
8865083031552 -1
8933534072832 -3
17660907618304 0
70061654017 4
70061654144 4
70061670400 4
70063751168 3
71135395840 -1
138781130752 3
4468108165120 4
206963736576 2
343865819136 -1
4604473376768 3
8865617805312 -3
8933800411136 -1
17661173956608 0
274877906946 -1
274877907200 0
274877939712 1
274882101248 18
275414777856 18
412316860417 3
412316860544 4
412316876800 -1
412318957568 0
412585295872 -2
687194767360 -1
4810363371520 0
9070970929152 -2
17729624997888 0
4741643894784 2
13400297963520 3
22058952032257 2
22058952032384 2
22058952048640 0
22058954129408 1
22059220467712 0
22127671508992 0
39651138076672 0
8796093022217 2
8796093022341 2
8796093038597 2
8796095119365 -2
8796361457669 0
8830452760581 -1
17592186044421 0
26388279066627 2
26388279066753 2
26388279083009 2
26388281163777 -2
26388547502081 2
26422638804993 0
43980465111041 2
8796093022849 3
8796093023360 -1
8796093039232 3
8796095120000 0
8796361458304 2
8830452761216 2
17592186045056 3
26388279067008 -3
26388279083136 0
26388281163904 -3
26388547502208 0
26422638805120 0
43980465111168 1
8796093104129 3
8796093104256 2
8796093169664 -2
8796095201280 -2
8796361539584 2
8830452842496 2
17592186126336 4
26388279115776 -4
26388281180160 -5
26388547518464 -3
26422638821376 -1
43980465127424 2
8796103507969 3
8796103508096 -2
8796103524352 0
8796111896576 -2
8796371943424 1
8830463246336 4
17592196530176 3
26388285358080 -5
26388549599232 -3
26422640902144 -2
43980467208192 -2
8797435199489 2
8797435199616 2
8797435215872 1
8797437296640 0
8798508941312 -1
8831794937856 3
17593528221696 3
26389084372992 -2
26422907240448 0
43980733546496 0
8967891714049 3
8967891714176 2
8967891730432 2
8967893811200 4
8968160149504 3
9105330667520 -2
17763984736256 2
26491358281728 -1
44014824849408 -2
35184372088834 2
35184372089088 3
35184372121600 3
35184376283136 4
35184908959744 3
35253091565568 3
52776558133249 2
52776558133376 1
52776558149632 2
52776560230400 -2
52776826568704 -1
52810917871616 -1
87960930222080 1
41 2
153 2
16409 0
2097177 -1
268435481 2
34359738393 0
4398046511129 2
273 3
521 1
16649 3
2097417 1
268435721 2
34359738633 3
4398046511369 3
32785 3
32905 3
65545 1
2129929 2
268468233 3
34359771145 3
4398046543881 4
4194321 6
4194441 5
4210697 5
8388617 2
272629769 6
34363932681 5
4398050705417 5
536870929 5
536871049 5
536887305 2
538968073 -2
1073741833 3
34896609289 3
4398583382025 5
68719476753 4
68719476873 4
68719493129 2
68721573897 -1
68987912201 2
137438953481 2
4466765987849 2
8796093022225 2
8796093022345 2
8796093038601 2
8796095119369 -2
8796361457673 2
8830452760585 0
17592186044425 2
149 0
397 -2
16525 1
2097293 -3
268435597 1
34359738509 1
4398046511245 1
649 2
1157 0
17029 2
2097797 0
268436101 2
34359739013 0
4398046511749 2
33157 1
65669 0
2130053 3
268468357 3
34359771269 3
4398046544005 3
4194693 1
4210821 4
8388741 0
272629893 4
34363932805 5
4398050705541 3
536871301 -2
536887429 0
538968197 -3
1073741957 3
34896609413 -2
4398583382149 -2
68719477125 -2
68719493253 0
68721574021 -3
68987912325 -1
137438953605 2
4466765987973 2
8796093022597 -3
8796093038725 0
8796095119493 -3
8796361457797 0
8830452760709 2
17592186044549 0
16405 0
49165 -3
2113549 -2
268451853 1
34359754765 1
4398046527501 2
16901 0
49413 0
2113797 0
268452101 2
34359755013 2
4398046527749 3
81929 3
82053 2
147461 0
2179077 0
268517381 4
34359820293 2
4398046593029 3
4243461 1
8404997 0
272646149 4
34363949061 4
4398050721797 6
536920069 -1
538984453 -1
1073758213 -2
34896625669 0
4398583398405 2
68719525893 0
68721590277 -2
68987928581 0
137438969861 -2
4466766004229 2
8796093071365 -3
8796095135749 -4
8796361474053 0
8830452776965 -2
17592186060805 1
2097173 -3
6291469 -4
270532621 -3
34361835533 -3
4398048608269 -2
2097669 -2
6291717 -3
270532869 -2
34361835781 -2
4398048608517 2
2162693 0
6324229 0
270565381 3
34361868293 -1
4398048641029 0
10485769 2
10485893 3
10502149 0
18874373 -1
278921221 3
34370224133 0
4398056996869 2
543162373 -2
1075838981 -4
34898706437 0
4398585479173 -2
68725768197 -4
68990009349 2
137441050629 -3
4466768084997 0
8796099313669 -4
8796363554821 -2
8830454857733 -1
17592188141573 0
268435477 1
805306381 2
34628173837 0
4398314946573 2
268435973 -2
805306629 1
34628174085 0
4398314946821 2
268500997 0
805339141 -2
34628206597 0
4398314979333 2
276824069 1
809500677 2
34632368133 4
4398319140869 5
1342177289 4
1342177413 2
1342193669 4
1344274437 1
2415919109 2
35701915653 2
4399388688389 3
69524783109 2
137707388933 -1
4467034423301 3
8796898328581 -2
8830721196037 1
17592454479877 2
34359738389 -2
103079215117 0
4432406249485 1
34359738885 -1
103079215365 -2
4432406249733 3
34359803909 0
103079247877 2
4432406282245 1
34368126981 0
103083409413 -2
4432410443781 5
35433480197 1
103616086021 2
4432943120389 3
171798691849 2
171798691973 1
171798708229 0
171800788997 -1
172067127301 2
309237645317 0
4569845202949 3
8899172237317 -2
17626545782789 0
4398046511125 0
13194139533325 2
4398046511621 1
13194139533573 3
4398046576645 0
13194139566085 4
4398054899717 0
13194143727621 4
4399120252933 0
13194676404229 4
4535485464581 2
13262859010053 2
21990232555529 1
21990232555653 0
21990232571909 0
21990234652677 -1
21990500990981 0
22024592293893 0
39582418599941 1
275 3
523 2
16651 2
2097419 2
268435723 2
34359738635 2
4398046511371 2
775 1
1283 1
17155 3
2097923 1
268436227 3
34359739139 4
4398046511875 4
33031 0
33283 1
65795 0
2130179 0
268468483 0
34359771395 3
4398046544131 3
4194567 3
4194819 3
4210947 2
8388867 2
272630019 3
34363932931 5
4398050705667 3
536871175 1
536871427 3
536887555 3
538968323 1
1073742083 1
34896609539 3
4398583382275 3
68719476999 0
68719477251 3
68719493379 3
68721574147 0
68987912451 3
137438953731 2
4466765988099 2
8796093022471 0
8796093022723 1
8796093038851 0
8796095119619 0
8796361457923 2
8830452760835 2
17592186044675 2
1029 -2
1539 3
2561 2
17921 3
2098689 2
268436993 2
34359739905 3
4398046512641 3
33793 -3
66049 2
2130433 -3
268468737 1
34359771649 1
4398046544385 1
4195329 -2
4211201 3
8389121 -4
272630273 1
34363933185 3
4398050705921 1
536871937 0
536887809 3
538968577 -2
1073742337 2
34896609793 3
4398583382529 3
68719477761 1
68719493633 3
68721574401 -2
68987912705 2
137438953985 -2
4466765988353 2
8796093023233 -2
8796093039105 1
8796095119873 -3
8796361458177 1
8830452761089 2
17592186044929 1
17665 3
49921 1
2114305 3
268452609 3
34359755521 3
4398046528257 3
82179 5
82433 3
147713 3
2179329 3
268517633 3
34359820545 4
4398046593281 4
4243713 1
8405249 2
272646401 3
34363949313 4
4398050722049 3
536920321 2
538984705 2
1073758465 1
34896625921 3
4398583398657 3
68719526145 2
68721590529 3
68987928833 3
137438970113 3
4466766004481 3
8796093071617 0
8796095136001 0
8796361474305 1
8830452777217 0
17592186061057 2
2098433 3
6292225 2
270533377 2
34361836289 2
4398048609025 2
2162945 -2
6324481 2
270565633 1
34361868545 0
4398048641281 0
10486019 5
10486273 3
10502401 3
18874625 2
278921473 3
34370224385 3
4398056997121 4
543162625 1
1075839233 2
34898706689 3
4398585479425 2
68725768449 -4
68990009601 3
137441050881 -2
4466768085249 2
8796099313921 -2
8796363555073 0
8830454857985 2
17592188141825 1
268436737 1
805307137 1
34628174593 0
4398314947329 3
268501249 -2
805339393 -3
34628206849 0
4398314979585 0
276824321 0
809500929 2
34632368385 4
4398319141121 3
1342177539 3
1342177793 2
1342193921 3
1344274689 2
2415919361 0
35701915905 0
4399388688641 4
69524783361 2
137707389185 2
4467034423553 3
8796898328833 0
8830721196289 0
17592454480129 2
34359739649 3
103079215873 3
4432406250241 4
34359804161 0
103079248129 1
4432406282497 3
34368127233 -2
103083409665 3
4432410444033 5
35433480449 2
103616086273 3
4432943120641 3
171798692099 2
171798692353 2
171798708481 2
171800789249 1
172067127553 0
309237645569 2
4569845203201 3
8899172237569 0
17626545783041 2
4398046512385 3
13194139534081 4
4398046576897 0
13194139566337 3
4398054899969 2
13194143727873 4
4399120253185 2
13194676404481 3
4535485464833 2
13262859010305 2
21990232555779 2
21990232556033 2
21990232572161 3
21990234652929 0
21990500991233 2
22024592294145 2
39582418600193 2
32787 3
32907 3
65547 0
2129931 2
268468235 3
34359771147 2
4398046543883 3
98311 2
98435 4
163843 2
2195459 3
268533763 4
34359836675 5
4398046609411 7
4227079 3
4227203 5
4259843 18
8421379 18
272662531 3
34363965443 4
4398050738179 18
536903687 4
536903811 3
536936451 18
539000835 4
1073774595 18
34896642051 4
4398583414787 18
68719509511 2
68719509635 3
68719542275 0
68721606659 3
68987944963 2
137438986243 0
4466766020611 3
8796093054983 0
8796093055107 0
8796093087747 0
8796095152131 -2
8796361490435 0
8830452793347 2
17592186077187 3
33411 3
33921 3
66177 1
2130561 4
268468865 3
34359771777 3
4398046544513 4
98689 3
163969 3
2195585 4
268533889 3
34359836801 3
4398046609537 4
4227457 2
4259969 3
8421505 1
272662657 2
34363965569 5
4398050738305 5
536904065 2
536936577 2
539000961 0
1073774721 2
34896642177 2
4398583414913 4
68719509889 3
68719542401 2
68721606785 3
68987945089 3
137438986369 3
4466766020737 3
8796093055361 3
8796093087873 -1
8796095152257 3
8796361490561 3
8830452793473 3
17592186077313 3
131077 -3
131329 -3
196611 3
196737 3
327681 1
2293761 3
268632065 2
34359934977 2
4398046707713 3
4325377 18
8454145 18
272695297 0
34363998209 1
4398050770945 18
537001985 18
539033601 -1
1073807361 18
34896674817 0
4398583447553 18
68719607809 -2
68721639425 0
68987977729 -1
137439019009 -2
4466766053377 2
8796093153281 -2
8796095184897 1
8796361523201 -1
8830452826113 1
17592186109953 0
2260993 3
6389761 2
270630913 5
34361933825 3
4398048706561 4
10518531 5
10518657 5
10551297 4
18907137 3
278953985 5
34370256897 5
4398057029633 4
543195137 0
1075871745 0
34898739201 0
4398585511937 4
68725800961 2
68990042113 3
137441083393 0
4466768117761 2
8796099346433 1
8796363587585 3
8830454890497 2
17592188174337 4
268599297 3
805404673 3
34628272129 4
4398315044865 4
276856833 0
809533441 0
34632400897 3
4398319173633 4
1342210051 4
1342210177 3
1342242817 2
1344307201 4
2415951873 3
35701948417 4
4399388721153 3
69524815873 2
137707421697 3
4467034456065 3
8796898361345 -2
8830721228801 3
17592454512641 3
34359902209 2
103079313409 3
4432406347777 5
34368159745 -1
103083442177 0
4432410476545 5
35433512961 -2
103616118785 2
4432943153153 4
171798724611 3
171798724737 3
171798757377 2
171800821761 3
172067160065 3
309237678081 3
4569845235713 2
8899172270081 2
17626545815553 3
4398046674945 5
13194139631617 7
4398054932481 18
13194143760385 18
4399120285697 18
13194676436993 18
4535485497345 3
13262859042817 3
21990232588291 4
21990232588417 3
21990232621057 0
21990234685441 -2
21990501023745 2
22024592326657 -2
39582418632705 5
4194323 5
4194443 4
4210699 4
8388619 2
272629771 5
34363932683 4
4398050705419 4
12582919 5
12583043 6
12599299 5
20971523 6
281018371 6
34372321283 6
4398059094019 11
541065223 6
541065347 18
541081603 5
545259523 18
1077936131 18
34900803587 6
4398587576323 18
68723671047 5
68723671171 18
68723687427 4
68727865347 18
68992106499 3
137443147779 18
4466770182147 4
8796097216519 3
8796097216643 5
8796097232899 4
8796101410819 2
8796365651971 4
8830456954883 3
17592190238723 5
4194947 5
4195457 5
4211329 5
8389249 3
272630401 6
34363933313 5
4398050706049 5
12583297 6
12599425 5
20971649 5
281018497 6
34372321409 5
4398059094145 6
541065601 18
541081729 4
545259649 18
1077936257 18
34900803713 5
4398587576449 5
68723671425 18
68723687553 5
68727865473 18
68992106625 3
137443147905 18
4466770182273 5
8796097216897 0
8796097233025 5
8796101410945 2
8796365652097 4
8830456955009 5
17592190238849 4
4276227 5
4276353 5
4341761 4
8470529 5
272711681 6
34364014593 5
4398050787329 6
12632065 5
20987905 5
281034753 6
34372337665 5
4398059110401 6
541114369 0
545275905 2
1077952513 2
34900819969 2
4398587592705 4
68723720193 2
68727881729 2
68992122881 3
137443164161 0
4466770198529 3
8796097265665 1
8796101427201 2
8796365668353 3
8830456971265 3
17592190255105 6
16777221 -3
16777473 -4
16809985 18
25165827 4
25165953 4
25182209 5
41943041 2
293601281 4
34384904193 4
4398071676929 4
553648129 18
1082130433 18
34904997889 0
4398591770625 18
68736253953 18
68996300801 2
137447342081 18
4466774376449 2
8796109799425 -3
8796369846273 1
8830461149185 0
17592194433025 2
289406977 6
817889281 5
34640756737 6
4398327529473 6
1346371587 6
1346371713 6
1346387969 6
1350565889 2
2420113409 6
35706109953 6
4399392882689 6
69528977409 2
137711583233 2
4467038617601 3
8796902522881 0
8830725390337 5
17592458674177 3
34380709889 4
103091798017 5
4432418832385 6
35437674497 3
103620280321 2
4432947314689 5
171802886147 4
171802886273 5
171802902529 5
171807080449 2
172071321601 6
309241839617 5
4569849397249 5
8899176431617 -2
17626549977089 3
4398067482625 3
13194152116225 11
4399124447233 18
13194680598529 18
4535489658881 1
13262863204353 3
21990236749827 4
21990236749953 5
21990236766209 5
21990240944129 0
21990505185281 6
22024596488193 3
39582422794241 5
536870931 5
536871051 4
536887307 2
538968075 -2
1073741835 2
34896609291 2
4398583382027 2
1610612743 4
1610612867 7
1610629123 5
1612709891 4
2684354563 5
35970351107 4
4399657123843 7
69256347655 0
69256347779 18
69256364035 2
69258444803 0
69793218563 18
137975824387 18
4467302858755 3
8796629893127 -2
8796629893251 5
8796629909507 3
8796631990275 -2
8797166764035 0
8830989631491 2
17592722915331 5
536871555 4
536872065 4
536887937 2
538968705 -2
1073742465 3
34896609921 1
4398583382657 2
1610613121 7
1610629249 4
1612710017 -2
2684354689 4
35970351233 2
4399657123969 5
69256348033 18
69256364161 3
69258444929 -2
69793218689 18
137975824513 18
4467302858881 3
8796629893505 0
8796629909633 2
8796631990401 -4
8797166764161 2
8830989631617 -1
17592722915457 4
536952835 4
536952961 1
537018369 2
539049985 0
1073823745 0
34896691201 3
4398583463937 3
1610661889 1
1612726273 2
2684370945 0
35970367489 3
4399657140225 4
69256396801 -2
69258461185 -2
69793234945 0
137975840769 -1
4467302875137 0
8796629942273 -2
8796632006657 -2
8797166780417 1
8830989647873 0
17592722931713 2
547356675 5
547356801 -1
547373057 2
555745281 -2
1084227585 2
34907095041 5
4398593867777 4
1616904193 0
2686451713 -2
35972448257 5
4399659220993 4
69262639105 0
69795315713 -2
137977921537 -3
4467304955905 0
8796636184577 -3
8797168861185 -3
8830991728641 2
17592725012481 -2
2147483653 -3
2147483905 -2
2147516417 18
2151677953 18
3221225475 4
3221225601 4
3221241857 2
3223322625 2
5368709121 3
37580963841 4
4401267736577 3
70866960385 18
138512695297 18
4467839729665 0
8798240505857 -3
8831526502401 2
17593259786241 3
37044092929 2
104689827841 3
4434016862209 4
172335562755 3
172335562881 2
172335579137 2
172337659905 4
172872433665 2
309774516225 3
4570382073857 4
8899709108225 0
17627082653697 2
4400730865665 5
13195750146049 7
4536022335489 1
13263395880961 3
21990769426435 4
21990769426561 1
21990769442817 2
21990771523585 0
21991306297345 0
22025129164801 3
39582955470849 4
68719476755 3
68719476875 4
68719493131 2
68721573899 -1
68987912203 2
137438953483 3
4466765987851 3
206158430215 3
206158430339 5
206158446595 3
206160527363 3
206426865667 4
343597383683 3
4604204941315 4
8864812498951 0
8864812499075 3
8864812515331 3
8864814596099 -2
8865080934403 2
8933531975683 3
17660905521155 3
68719477379 5
68719477889 4
68719493761 2
68721574529 2
68987912833 2
137438954113 4
4466765988481 3
206158430593 5
206158446721 2
206160527489 2
206426865793 2
343597383809 3
4604204941441 4
8864812499329 -2
8864812515457 2
8864814596225 -3
8865080934529 -2
8933531975809 2
17660905521281 3
68719558659 4
68719558785 2
68719624193 2
68721655809 2
68987994113 4
137439035393 3
4466766069761 4
206158479361 2
206160543745 1
206426882049 3
343597400065 2
4604204957697 3
8864812548097 1
8864814612481 -3
8865080950785 1
8933531992065 -1
17660905537537 3
68729962499 3
68729962625 3
68729978881 3
68738351105 2
68998397953 5
137449439233 3
4466776473601 4
206164721665 -2
206428962817 4
343599480833 3
4604207038465 2
8864818790401 -3
8865083031553 2
8933534072833 -3
17660907618305 -2
70061654019 3
70061654145 3
70061670401 3
70063751169 4
71135395841 2
138781130753 3
4468108165121 4
206963736577 3
343865819137 3
4604473376769 3
8865617805313 1
8933800411137 -1
17661173956609 2
274877906949 -2
274877907201 0
274877939713 0
274882101249 18
275414777857 18
412316860419 4
412316860545 4
412316876801 1
412318957569 2
412585295873 2
687194767361 3
4810363371521 3
9070970929153 -2
17729624997889 2
4741643894785 3
13400297963521 4
22058952032259 3
22058952032385 3
22058952048641 2
22058954129409 2
22059220467713 3
22127671508993 1
39651138076673 3
8796093022227 2
8796093022347 2
8796093038603 2
8796095119371 -2
8796361457675 0
8830452760587 0
17592186044427 2
26388279066631 -2
26388279066755 0
26388279083011 2
26388281163779 -2
26388547502083 2
26422638804995 0
43980465111043 2
8796093022851 2
8796093023361 1
8796093039233 3
8796095120001 1
8796361458305 2
8830452761217 2
17592186045057 3
26388279067009 -3
26388279083137 1
26388281163905 -3
26388547502209 0
26422638805121 2
43980465111169 2
8796093104131 4
8796093104257 2
8796093169665 0
8796095201281 0
8796361539585 2
8830452842497 2
17592186126337 3
26388279115777 -3
26388281180161 -4
26388547518465 0
26422638821377 -1
43980465127425 2
8796103507971 2
8796103508097 3
8796103524353 0
8796111896577 -2
8796371943425 3
8830463246337 2
17592196530177 4
26388285358081 0
26388549599233 -2
26422640902145 0
43980467208193 -1
8797435199491 2
8797435199617 2
8797435215873 2
8797437296641 2
8798508941313 2
8831794937857 3
17593528221697 3
26389084372993 -2
26422907240449 0
43980733546497 2
8967891714051 2
8967891714177 2
8967891730433 0
8967893811201 1
8968160149505 3
9105330667521 1
17763984736257 1
26491358281729 -1
44014824849409 1
35184372088837 2
35184372089089 3
35184372121601 3
35184376283137 4
35184908959745 4
35253091565569 2
52776558133251 2
52776558133377 1
52776558149633 2
52776560230401 -2
52776826568705 2
52810917871617 0
87960930222081 2
148 0
396 2
16524 0
2097292 0
268435596 0
34359738508 2
4398046511244 0
648 2
1156 1
17028 1
2097796 1
268436100 0
34359739012 2
4398046511748 1
32904 0
33156 0
65668 2
2130052 0
268468356 0
34359771268 1
4398046544004 2
4194440 4
4194692 -1
4210820 4
8388740 -1
272629892 1
34363932804 4
4398050705540 3
536871048 3
536871300 3
536887428 3
538968196 3
1073741956 0
34896609412 3
4398583382148 3
68719476872 3
68719477124 -1
68719493252 1
68721574020 1
68987912324 -2
137438953604 0
4466765987972 2
8796093022344 0
8796093022596 -1
8796093038724 0
8796095119492 -2
8796361457796 -2
8830452760708 2
17592186044548 2
394 -1
902 -3
16774 0
2097542 -3
268435846 -2
34359738758 -1
4398046511494 -1
1412 3
2434 -1
17794 2
2098562 2
268436866 -2
34359739778 2
4398046512514 2
33666 -3
65922 -3
2130306 -2
268468610 -2
34359771522 0
4398046544258 0
4195202 -2
4211074 -2
8388994 -2
272630146 -2
34363933058 3
4398050705794 -2
536871810 -3
536887682 0
538968450 -3
1073742210 0
34896609666 2
4398583382402 2
68719477634 -3
68719493506 -2
68721574274 -3
68987912578 -3
137438953858 -2
4466765988226 0
8796093023106 -3
8796093038978 -2
8796095119746 -4
8796361458050 -3
8830452760962 0
17592186044802 -1
16522 0
49286 0
2113670 0
268451974 0
34359754886 0
4398046527622 0
17538 2
49794 2
2114178 1
268452482 0
34359755394 2
4398046528130 3
82052 3
82306 3
147586 0
2179202 0
268517506 0
34359820418 2
4398046593154 3
4243586 2
8405122 0
272646274 3
34363949186 4
4398050721922 5
536920194 2
538984578 2
1073758338 1
34896625794 3
4398583398530 3
68719526018 0
68721590402 -2
68987928706 -2
137438969986 0
4466766004354 0
8796093071490 0
8796095135874 -2
8796361474178 -2
8830452777090 0
17592186060930 0
2097290 -1
6291590 -4
270532742 -4
34361835654 0
4398048608390 0
2098306 2
6292098 -3
270533250 -2
34361836162 0
4398048608898 1
2162818 0
6324354 -2
270565506 2
34361868418 2
4398048641154 2
10485892 5
10486146 3
10502274 2
18874498 2
278921346 2
34370224258 3
4398056996994 2
543162498 0
1075839106 0
34898706562 3
4398585479298 2
68725768322 -4
68990009474 -1
137441050754 -3
4466768085122 2
8796099313794 -2
8796363554946 -3
8830454857858 3
17592188141698 0
268435594 0
805306502 -3
34628173958 0
4398314946694 -1
268436610 0
805307010 0
34628174466 0
4398314947202 0
268501122 -3
805339266 -3
34628206722 -1
4398314979458 0
276824194 0
809500802 0
34632368258 4
4398319140994 3
1342177412 0
1342177666 -2
1342193794 2
1344274562 -2
2415919234 -2
35701915778 0
4399388688514 2
69524783234 -1
137707389058 -3
4467034423426 0
8796898328706 -4
8830721196162 0
17592454480002 0
34359738506 2
103079215238 -2
4432406249606 2
34359739522 1
103079215746 2
4432406250114 2
34359804034 0
103079248002 0
4432406282370 -1
34368127106 -2
103083409538 -2
4432410443906 5
35433480322 2
103616086146 2
4432943120514 3
171798691972 2
171798692226 2
171798708354 1
171800789122 0
172067127426 0
309237645442 2
4569845203074 2
8899172237442 0
17626545782914 2
4398046511242 1
13194139533446 0
4398046512258 1
13194139533954 2
4398046576770 2
13194139566210 2
4398054899842 0
13194143727746 3
4399120253058 1
13194676404354 2
4535485464706 2
13262859010178 2
21990232555652 0
21990232555906 -2
21990232572034 1
21990234652802 -1
21990500991106 -2
22024592294018 2
39582418600066 0
1667 4
2689 3
18049 4
2098817 2
268437121 3
34359740033 3
4398046512769 4
2178 0
3201 2
5248 2
19584 2
2100352 1
268438656 1
34359741568 2
4398046514304 2
34944 3
66688 2
2131072 3
268469376 3
34359772288 3
4398046545024 3
4196480 6
4211840 5
8389760 0
272630912 5
34363933824 5
4398050706560 5
536873088 3
536888448 2
538969216 1
1073742976 2
34896610432 2
4398583383168 3
68719478912 3
68719494272 0
68721575040 -4
68987913344 -2
137438954624 3
4466765988992 2
8796093024384 -1
8796093039744 1
8796095120512 -3
8796361458816 0
8830452761728 2
17592186045568 2
19072 0
50816 3
2115200 -18
268453504 4
34359756416 3
4398046529152 4
82561 3
83072 0
148096 1
2179712 -18
268518016 4
34359820928 2
4398046593664 3
4244096 4
8405632 2
272646784 4
34363949696 5
4398050722432 6
536920704 2
538985088 1
1073758848 2
34896626304 2
4398583399040 3
68719526528 -2
68721590912 -18
68987929216 2
137438970496 2
4466766004864 0
8796093072000 -3
8796095136384 -18
8796361474688 0
8830452777600 0
17592186061440 2
2099840 -2
6293120 -2
270534272 1
34361837184 0
4398048609920 1
2163328 2
6324864 1
270566016 4
34361868928 4
4398048641664 4
10486401 4
10486912 3
10502784 -18
18875008 -3
278921856 4
34370224768 4
4398056997504 4
543163008 1
1075839616 0
34898707072 3
4398585479808 3
68725768832 -4
68990009984 1
137441051264 -3
4466768085632 1
8796099314304 -5
8796363555456 0
8830454858368 0
17592188142208 1
268438144 -1
805308032 2
34628175488 3
4398314948224 3
268501632 1
805339776 0
34628207232 1
4398314979968 2
276824704 0
809501312 2
34632368768 5
4398319141504 5
1342177921 3
1342178432 2
1342194304 3
1344275072 0
2415919744 1
35701916288 2
4399388689024 2
69524783744 0
137707389568 2
4467034423936 2
8796898329216 0
8830721196672 1
17592454480512 2
34359741056 2
103079216768 2
4432406251136 3
34359804544 2
103079248512 3
4432406282880 2
34368127616 0
103083410048 4
4432410444416 5
35433480832 2
103616086656 2
4432943121024 3
171798692481 3
171798692992 2
171798708864 2
171800789632 1
172067127936 2
309237645952 2
4569845203584 3
8899172237952 2
17626545783424 2
4398046513792 2
13194139534976 4
4398046577280 2
13194139566720 3
4398054900352 2
13194143728256 4
4399120253568 2
13194676404864 3
4535485465216 2
13262859010688 2
21990232556161 3
21990232556672 0
21990232572544 2
21990234653312 -1
21990500991616 0
22024592294528 1
39582418600576 2
34177 3
35200 1
66944 1
2131328 2
268469632 2
34359772544 2
4398046545280 2
99200 -2
164224 1
2195840 3
268534144 3
34359837056 3
4398046609792 3
4227968 -2
4260224 2
8421760 -2
272662912 -2
34363965824 0
4398050738560 2
536904576 -2
536936832 -1
539001216 -3
1073774976 -4
34896642432 2
4398583415168 2
68719510400 -2
68719542656 1
68721607040 -2
68987945344 0
137438986624 -2
4466766020992 3
8796093055872 -2
8796093088128 2
8796095152512 -3
8796361490816 0
8830452793728 2
17592186077568 0
131202 -4
131712 -3
196992 3
327808 1
2293888 2
268632192 2
34359935104 2
4398046707840 4
4325504 -3
8454272 0
272695424 -1
34363998336 2
4398050771072 3
537002112 -4
539033728 -4
1073807488 -4
34896674944 -2
4398583447680 -2
68719607936 -4
68721639552 2
68987977856 0
137439019136 1
4466766053504 2
8796093153408 -4
8796095185024 0
8796361523328 -2
8830452826240 2
17592186110080 0
2261120 2
6389888 0
270631040 4
34361933952 5
4398048706688 5
10518912 3
10551424 5
18907264 3
278954112 5
34370257024 5
4398057029760 5
543195264 -1
1075871872 -3
34898739328 2
4398585512064 0
68725801088 0
68990042240 2
137441083520 0
4466768117888 3
8796099346560 -1
8796363587712 0
8830454890624 3
17592188174464 3
268599424 2
805404800 3
34628272256 3
4398315044992 3
276856960 -3
809533568 -2
34632401024 2
4398319173760 2
1342210432 2
1342242944 1
1344307328 3
2415952000 3
35701948544 3
4399388721280 3
69524816000 -4
137707421824 1
4467034456192 3
8796898361472 2
8830721228928 3
17592454512768 3
34359902336 2
103079313536 3
4432406347904 2
34368159872 -3
103083442304 -3
4432410476672 5
35433513088 -2
103616118912 2
4432943153280 2
171798724992 2
171798757504 2
171800821888 3
172067160192 2
309237678208 2
4569845235840 1
8899172270208 2
17626545815680 3
4398046675072 2
13194139631744 4
4398054932608 0
13194143760512 6
4399120285824 0
13194676437120 4
4535485497472 3
13262859042944 3
21990232588672 2
21990232621184 1
21990234685568 0
21990501023872 0
22024592326784 -2
39582418632832 3
4195713 5
4196736 3
4212096 4
8390016 0
272631168 5
34363934080 5
4398050706816 4
12583808 -2
12599680 5
20971904 -2
281018752 5
34372321664 5
4398059094400 5
541066112 -2
541081984 0
545259904 18
1077936512 18
34900803968 -3
4398587576704 0
68723671936 -3
68723687808 3
68727865728 18
68992106880 -3
137443148160 18
4466770182528 3
8796097217408 -4
8796097233280 2
8796101411200 -4
8796365652352 0
8830456955264 -2
17592190239104 -2
4276608 4
4341888 5
8470656 0
272711808 5
34364014720 6
4398050787456 6
12632192 6
20988032 4
281034880 5
34372337792 6
4398059110528 6
541114496 2
545276032 0
1077952640 2
34900820096 2
4398587592832 3
68723720320 2
68727881856 0
68992123008 2
137443164288 2
4466770198656 4
8796097265792 3
8796101427328 0
8796365668480 2
8830456971392 4
17592190255232 5
16777346 -4
16777856 -4
16810112 -5
25166208 4
25182336 4
41943168 0
293601408 4
34384904320 4
4398071677056 4
553648256 18
1082130560 18
34904998016 -3
4398591770752 -1
68736254080 18
68996300928 -1
137447342208 18
4466774376576 -2
8796109799552 -4
8796369846400 0
8830461149312 -2
17592194433152 -1
289407104 3
817889408 5
34640756864 6
4398327529600 5
1346371968 2
1346388096 5
1350566016 0
2420113536 5
35706110080 6
4399392882816 5
69528977536 2
137711583360 0
4467038617728 4
8796902523008 -2
8830725390464 4
17592458674304 4
34380710016 5
103091798144 5
4432418832512 5
35437674624 2
103620280448 0
4432947314816 5
171802886528 4
171802902656 5
171807080576 0
172071321728 5
309241839744 5
4569849397376 5
8899176431744 3
17626549977216 4
4398067482752 4
13194152116352 6
4399124447360 1
13194680598656 4
4535489659008 3
13262863204480 5
21990236750208 -2
21990236766336 4
21990240944256 0
21990505185408 4
22024596488320 5
39582422794368 5
536872321 4
536873344 3
536888704 2
538969472 3
1073743232 3
34896610688 3
4398583383424 3
1610613632 -2
1610629504 2
1612710272 -2
2684354944 -2
35970351488 3
4399657124224 3
69256348544 -3
69256364416 -2
69258445184 -3
69793218944 18
137975824768 18
4467302859136 1
8796629894016 -3
8796629909888 -2
8796631990656 -3
8797166764416 1
8830989631872 0
17592722915712 -1
536953216 2
537018496 0
539050112 0
1073823872 1
34896691328 3
4398583464064 4
1610662016 2
1612726400 2
2684371072 0
35970367616 3
4399657140352 4
69256396928 -1
69258461312 -2
69793235072 -1
137975840896 0
4467302875264 0
8796629942400 0
8796632006784 -2
8797166780544 -1
8830989648000 -1
17592722931840 2
547357056 3
547373184 2
555745408 -2
1084227712 1
34907095168 5
4398593867904 5
1616904320 1
2686451840 -2
35972448384 5
4399659221120 3
69262639232 -4
69795315840 -2
137977921664 -3
4467304956032 0
8796636184704 -4
8797168861312 -4
8830991728768 2
17592725012608 -2
2147483778 -3
2147484288 -2
2147516544 -4
2151678080 18
3221225856 2
3221241984 2
3223322752 1
5368709248 1
37580963968 2
4401267736704 2
70866960512 18
138512695424 18
4467839729792 0
8798240505984 -4
8831526502528 0
17593259786368 2
37044093056 2
104689827968 3
4434016862336 3
172335563136 3
172335579264 1
172337660032 4
172872433792 2
309774516352 3
4570382073984 3
8899709108352 0
17627082653824 1
4400730865792 2
13195750146176 5
4536022335616 1
13263395881088 3
21990769426816 2
21990769442944 0
21990771523712 -1
21991306297472 0
22025129164928 3
39582955470976 3
68719478145 3
68719479168 2
68719494528 0
68721575296 -2
68987913600 0
137438954880 2
4466765989248 2
206158431104 -2
206158446976 -4
206160527744 -4
206426866048 -2
343597384064 3
4604204941696 3
8864812499840 -3
8864812515712 2
8864814596480 -4
8865080934784 -2
8933531976064 -2
17660905521536 -2
68719559040 -2
68719624320 -2
68721655936 -18
68987994240 2
137439035520 2
4466766069888 0
206158479488 -2
206160543872 -18
206426882176 0
343597400192 -2
4604204957824 0
8864812548224 0
8864814612608 -18
8865080950912 -2
8933531992192 -2
17660905537664 0
68729962880 -2
68729979008 -18
68738351232 -3
68998398080 2
137449439360 0
4466776473728 3
206164721792 -5
206428962944 2
343599480960 -1
4604207038592 2
8864818790528 -5
8865083031680 -2
8933534072960 -3
17660907618432 -3
70061654400 0
70061670528 2
70063751296 2
71135395968 -2
138781130880 2
4468108165248 4
206963736704 2
343865819264 0
4604473376896 3
8865617805440 -3
8933800411264 -2
17661173956736 -2
274877907074 -2
274877907584 3
274877939840 3
274882101376 18
275414777984 18
412316860800 2
412316876928 -2
412318957696 -2
412585296000 1
687194767488 3
4810363371648 3
9070970929280 -2
17729624998016 -2
4741643894912 3
13400297963648 4
22058952032640 -2
22058952048768 0
22058954129536 -2
22059220467840 2
22127671509120 -1
39651138076800 3
8796093023617 3
8796093024640 0
8796093040000 -2
8796095120768 -3
8796361459072 0
8830452761984 2
17592186045824 0
26388279067520 -3
26388279083392 -3
26388281164160 -4
26388547502464 0
26422638805376 -2
43980465111424 -2
8796093104512 -2
8796093169792 -2
8796095201408 -18
8796361539712 -1
8830452842624 0
17592186126464 2
26388279115904 -6
26388281180288 -18
26388547518592 0
26422638821504 0
43980465127552 2
8796103508352 -3
8796103524480 -18
8796111896704 -3
8796371943552 -1
8830463246464 3
17592196530304 3
26388285358208 -4
26388549599360 -3
26422640902272 0
43980467208320 -3
8797435199872 0
8797435216000 2
8797437296768 0
8798508941440 0
8831794937984 2
17593528221824 3
26389084373120 -3
26422907240576 0
43980733546624 0
8967891714432 2
8967891730560 0
8967893811328 0
8968160149632 2
9105330667648 1
17763984736384 2
26491358281856 -1
44014824849536 2
35184372088962 0
35184372089472 2
35184372121728 3
35184376283264 3
35184908959872 3
35253091565696 2
52776558133632 -2
52776558149760 0
52776560230528 -3
52776826568832 0
52810917871744 2
87960930222208 1
16404 2
49164 -3
2113548 -4
268451852 0
34359754764 0
4398046527500 2
16648 0
16900 -1
49412 0
2113796 0
268452100 0
34359755012 -2
4398046527748 2
81928 2
147460 1
2179076 0
268517380 2
34359820292 3
4398046593028 3
4210696 4
4243460 0
8404996 2
272646148 4
34363949060 4
4398050721796 3
536887304 1
536920068 0
538984452 2
1073758212 0
34896625668 3
4398583398404 3
68719493128 2
68719525892 0
68721590276 1
68987928580 1
137438969860 0
4466766004228 2
8796093038600 0
8796093071364 0
8796095135748 -2
8796361474052 0
8830452776964 0
17592186060804 2
49162 -3
114694 -4
2146310 -4
268484614 -4
34359787526 -3
4398046560262 -2
49666 -4
114946 -4
2146562 -1
268484866 -4
34359787778 -3
4398046560514 1
180228 0
180354 2
311298 0
2277378 0
268615682 0
34359918594 2
4398046691330 2
4308994 -3
8437762 0
272678914 0
34363981826 -2
4398050754562 0
536985602 -4
539017218 0
1073790978 -2
34896658434 2
4398583431170 -2
68719591426 -4
68721623042 -2
68987961346 -4
137439002626 -3
4466766036994 0
8796093136898 -4
8796095168514 -4
8796361506818 -4
8830452809730 -4
17592186093570 0
2113546 -3
6307846 -9
270548998 -18
34361851910 -3
4398048624646 -2
2114050 -2
6308098 0
270549250 0
34361852162 -2
4398048624898 2
2244610 -2
6373378 -5
270614530 -18
34361917442 0
4398048690178 2
10502148 2
10534914 -2
18890754 -3
278937602 -18
34370240514 -1
4398057013250 3
543178754 0
1075855362 -2
34898722818 0
4398585495554 3
68725784578 -2
68990025730 0
137441067010 -2
4466768101378 0
8796099330050 -10
8796363571202 -18
8830454874114 -3
17592188157954 -2
268451850 0
805322758 -4
34628190214 0
4398314962950 0
268452354 -2
805323010 -3
34628190466 -2
4398314963202 1
268582914 -2
805388290 -3
34628255746 2
4398315028482 2
276840450 0
809517058 0
34632384514 2
4398319157250 3
1342193668 0
1342226434 -3
1344290818 -18
2415935490 -2
35701932034 -1
4399388704770 2
69524799490 -4
137707405314 0
4467034439682 1
8796898344962 -4
8830721212418 -2
17592454496258 0
34359754762 0
103079231494 0
4432406265862 0
34359755266 -2
103079231746 -2
4432406266114 -2
34359885826 0
103079297026 0
4432406331394 2
34368143362 0
103083425794 0
4432410460162 4
35433496578 -2
103616102402 0
4432943136770 3
171798708228 2
171798740994 0
171800805378 0
172067143682 0
309237661698 0
4569845219330 2
8899172253698 -3
17626545799170 -2
4398046527498 2
13194139549702 2
4398046528002 -1
13194139549954 2
4398046658562 2
13194139615234 2
4398054916098 1
13194143744002 4
4399120269314 -1
13194676420610 0
4535485480962 1
13262859026434 2
21990232571908 2
21990232604674 -2
21990234669058 -2
21990501007362 0
22024592310274 0
39582418616322 2
17410 -3
18944 0
50688 1
2115072 2
268453376 0
34359756288 1
4398046529024 2
82944 2
147968 -2
2179584 0
268517888 1
34359820800 2
4398046593536 3
4211712 -2
4243968 1
8405504 2
272646656 0
34363949568 0
4398050722304 2
536888320 0
536920576 -3
538984960 1
1073758720 -3
34896626176 1
4398583398912 3
68719494144 1
68719526400 3
68721590784 2
68987929088 2
137438970368 -2
4466766004736 2
8796093039616 -2
8796093071872 0
8796095136256 -2
8796361474560 0
8830452777472 -3
17592186061312 0
50432 0
115456 -3
2147072 1
268485376 2
34359788288 2
4398046561024 3
180481 3
180736 3
311552 1
2277632 2
268615936 2
34359918848 2
4398046691584 3
4309248 -2
8438016 -2
272679168 2
34363982080 2
4398050754816 2
536985856 -4
539017472 2
1073791232 -3
34896658688 -4
4398583431424 2
68719591680 -3
68721623296 2
68987961600 0
137439002880 0
4466766037248 2
8796093137152 -4
8796095168768 -3
8796361507072 -4
8830452809984 -1
17592186093824 0
2114816 2
6308608 2
270549760 2
34361852672 2
4398048625408 4
2244864 0
6373632 3
270614784 2
34361917696 2
4398048690432 4
10502656 2
10535168 3
18891008 2
278937856 3
34370240768 2
4398057013504 5
543179008 2
1075855616 -2
34898723072 2
4398585495808 3
68725784832 2
68990025984 3
137441067264 0
4466768101632 3
8796099330304 0
8796363571456 0
8830454874368 -1
17592188158208 1
268453120 0
805323520 0
34628190976 0
4398314963712 3
268583168 -1
805388544 0
34628256000 2
4398315028736 3
276840704 2
809517312 0
34632384768 2
4398319157504 3
1342194176 2
1342226688 2
1344291072 2
2415935744 0
35701932288 2
4399388705024 4
69524799744 0
137707405568 2
4467034439936 3
8796898345216 -4
8830721212672 -2
17592454496512 1
34359756032 0
103079232256 -2
4432406266624 2
34359886080 -2
103079297280 0
4432406331648 3
34368143616 -1
103083426048 -3
4432410460416 3
35433496832 0
103616102656 0
4432943137024 3
171798708736 2
171798741248 0
171800805632 1
172067143936 2
309237661952 -2
4569845219584 2
8899172253952 -3
17626545799424 -2
4398046528768 3
13194139550464 4
4398046658816 2
13194139615488 3
4398054916352 2
13194143744256 3
4399120269568 -1
13194676420864 2
4535485481216 2
13262859026688 3
21990232572416 -1
21990232604928 2
21990234669312 2
21990501007616 0
22024592310528 -1
39582418616576 2
212995 6
213121 5
344065 5
2310145 3
268648449 5
34359951361 5
4398046724097 5
213376 4
344192 0
2310272 -18
268648576 5
34359951488 2
4398046724224 3
278530 -2
278784 -2
409601 3
409728 3
671744 3
2506752 0
268845056 1
34360147968 2
4398046920704 3
4472832 6
8536064 1
272777216 3
34364080128 5
4398050852864 6
537149440 -1
539115520 0
1073889280 -2
34896756736 3
4398583529472 3
68719755264 -2
68721721344 -3
68988059648 0
137439100928 0
4466766135296 0
8796093300736 -3
8796095266816 -4
8796361605120 -2
8830452908032 -2
17592186191872 1
2441216 -2
6504448 3
270745600 -18
34362048512 2
4398048821248 4
10567681 3
10567808 -18
10633216 -2
18956288 -2
279003136 -18
34370306048 3
4398057078784 4
543244288 0
1075920896 0
34898788352 3
4398585561088 4
68725850112 -4
68990091264 2
137441132544 0
4466768166912 2
8796099395584 -4
8796363636736 -18
8830454939648 -2
17592188223488 -2
268779520 1
805519360 4
34628386816 4
4398315159552 4
276905984 5
809582592 3
34632450048 5
4398319222784 6
1342259201 5
1342259328 5
1342324736 2
1344356352 -18
2416001024 2
35701997568 5
4399388770304 5
69524865024 2
137707470848 2
4467034505216 3
8796898410496 -3
8830721277952 2
17592454561792 0
34360082432 5
103079428096 4
4432406462464 3
34368208896 0
103083491328 2
4432410525696 6
35433562112 1
103616167936 2
4432943202304 3
171798773761 2
171798773888 2
171798839296 1
171800870912 0
172067209216 3
309237727232 2
4569845284864 3
8899172319232 -2
17626545864704 0
4398046855168 3
13194139746304 4
4398054981632 2
13194143809536 6
4399120334848 2
13194676486144 4
4535485546496 2
13262859091968 3
21990232637441 3
21990232637568 2
21990232702976 2
21990234734592 1
21990501072896 4
22024592375808 2
39582418681856 4
4374529 5
4374656 4
4505600 3
8568832 0
272809984 3
34364112896 4
4398050885632 4
12697600 -3
21020672 3
281067520 5
34372370432 5
4398059143168 5
541179904 -2
545308672 2
1077985280 -1
34900852736 -2
4398587625472 0
68723785728 -3
68727914496 2
68992155648 0
137443196928 -1
4466770231296 2
8796097331200 -3
8796101459968 2
8796365701120 0
8830457004032 0
17592190287872 2
16793602 -5
16793856 -6
16859136 -5
25214976 4
41959424 0
293617664 6
34384920576 4
4398071693312 4
553664512 -5
1082146816 0
34905014272 -3
4398591787008 0
68736270336 -5
68996317184 2
137447358464 2
4466774392832 0
8796109815808 -5
8796369862656 0
8830461165568 0
17592194449408 2
289423360 3
817905664 5
34640773120 5
4398327545856 6
1346420736 3
1350582272 5
2420129792 3
35706126336 5
4399392899072 6
69528993792 2
137711599616 0
4467038633984 3
8796902539264 0
8830725406720 3
17592458690560 4
34380726272 3
103091814400 5
4432418848768 6
35437690880 -1
103620296704 -2
4432947331072 2
171802935296 2
171807096832 0
172071337984 4
309241856000 5
4569849413632 6
8899176448000 -2
17626549993472 1
4398067499008 6
13194152132608 6
4399124463616 0
13194680614912 3
4535489675264 1
13262863220736 3
21990236798976 2
21990240960512 1
21990505201664 4
22024596504576 4
39582422810624 6
537051137 2
537051264 2
537182208 3
539148288 4
1073922048 0
34896789504 3
4398583562240 3
1610727424 -3
1612759040 4
2684403712 -2
35970400256 3
4399657172992 3
69256462336 -4
69258493952 -4
69793267712 -3
137975873536 -3
4467302907904 -3
8796630007808 -4
8796632039424 -4
8797166813184 -3
8830989680640 -3
17592722964480 1
547405824 4
555761664 3
1084243968 2
34907111424 5
4398593884160 5
1616920576 0
2686468096 5
35972464640 4
4399659237376 5
69262655488 0
69795332096 -2
137977937920 -2
4467304972288 1
8796636200960 0
8797168877568 -4
8830991745024 2
17592725028864 2
2147500034 -4
2147500288 -2
2147565568 -2
2151694336 -2
3221274624 0
3223339008 2
5368725504 0
37580980224 2
4401267752960 2
70866976768 -3
138512711680 0
4467839746048 -2
8798240522240 -4
8831526518784 -3
17593259802624 2
37044109312 2
104689844224 3
4434016878592 3
172335611904 0
172337676288 4
172872450048 1
309774532608 3
4570382090240 3
8899709124608 -2
17627082670080 0
4400730882048 3
13195750162432 4
4536022351872 1
13263395897344 0
21990769475584 -2
21990771539968 3
21991306313728 0
22025129181184 3
39582955487232 3
68719656961 3
68719657088 2
68719788032 1
68721754112 2
68988092416 0
137439133696 3
4466766168064 4
206158544896 -5
206160576512 -5
206426914816 0
343597432832 -1
4604204990464 1
8864812613632 -3
8864814645248 -4
8865080983552 -3
8933532024832 0
17660905570304 0
68730011648 -2
68738367488 -3
68998414336 3
137449455616 0
4466776489984 3
206164738048 -7
206428979200 2
343599497216 -3
4604207054848 2
8864818806784 -7
8865083047936 0
8933534089216 -3
17660907634688 0
70061703168 0
70063767552 2
71135412224 -1
138781147136 1
4468108181504 3
206963752960 2
343865835520 0
4604473393152 3
8865617821696 -4
8933800427520 -2
17661173972992 0
274877923330 -2
274877923584 0
274877988864 0
274882117632 -3
275414794240 -2
412316909568 2
412318973952 -4
412585312256 0
687194783744 -1
4810363387904 2
9070970945536 -3
17729625014272 -1
4741643911168 1
13400297979904 3
22058952081408 1
22058954145792 -2
22059220484096 2
22127671525376 -2
39651138093056 2
8796093202433 1
8796093202560 3
8796093333504 0
8796095299584 -6
8796361637888 0
8830452940800 0
17592186224640 2
26388279181312 -11
26388281212928 -11
26388547551232 -4
26422638854144 -3
43980465160192 -2
8796103557120 -3
8796111912960 -4
8796371959808 -18
8830463262720 2
17592196546560 2
26388285374464 -11
26388549615616 -18
26422640918528 -4
43980467224576 -4
8797435248640 -3
8797437313024 -18
8798508957696 -2
8831794954240 0
17593528238080 2
26389084389376 -4
26422907256832 0
43980733562880 0
8967891763200 0
8967893827584 -2
8968160165888 0
9105330683904 0
17763984752640 0
26491358298112 -2
44014824865792 0
35184372105218 0
35184372105472 2
35184372170752 3
35184376299520 5
35184908976128 3
35253091581952 0
52776558182400 1
52776560246784 -3
52776826585088 0
52810917888000 0
87960930238464 2
2097172 0
6291468 -4
270532620 -3
34361835532 -3
4398048608268 -2
2097416 -2
2097668 -2
6291716 0
270532868 0
34361835780 -3
4398048608516 -2
2129928 -2
2162692 0
6324228 0
270565380 2
34361868292 -2
4398048641028 -2
10485768 2
18874372 -1
278921220 2
34370224132 3
4398056996868 4
538968072 2
543162372 1
1075838980 0
34898706436 3
4398585479172 4
68721573896 0
68725768196 0
68990009348 1
137441050628 -3
4466768084996 1
8796095119368 -2
8796099313668 0
8796363554820 -2
8830454857732 0
17592188141572 0
6291466 -4
14680070 -11
274726918 -11
34366029830 -4
4398052802566 0
6291970 0
14680322 -7
274727170 -7
34366030082 -5
4398052802818 -3
6356994 0
14712834 -5
274759682 0
34366062594 -4
4398052835330 -3
23068676 4
23068802 4
23085058 0
39845890 -4
291504130 0
34382807042 -1
4398069579778 4
551550978 -5
1080033282 1
34902900738 -1
4398589673474 1
68734156802 -6
68994203650 0
137445244930 -4
4466772279298 -2
8796107702274 -10
8796367749122 -10
8830459052034 -2
17592192335874 0
270532618 -4
807403526 -11
34630270982 -18
4398317043718 -4
270533122 -3
807403778 -4
34630271234 -18
4398317043970 -3
270598146 -4
807436290 -4
34630303746 -2
4398317076482 -2
287309826 -4
815792130 -3
34638659586 -18
4398325432322 0
1344274436 -2
1348468738 -4
2418016258 -4
35704012802 -18
4399390785538 0
69526880258 -3
137709486082 -2
4467036520450 0
8796900425730 -4
8830723293186 -2
17592456577026 -2
34361835530 -3
103081312262 -4
4432408346630 -3
34361836034 -3
103081312514 -4
4432408346882 -3
34361901058 -4
103081345026 -3
4432408379394 -4
34378612738 -3
103089700866 -3
4432416735234 3
35435577346 0
103618183170 -3
4432945217538 3
171800788996 1
171804983298 -5
172069224450 -18
309239742466 -3
4569847300098 1
8899174334466 -4
17626547879938 -2
4398048608266 -1
13194141630470 -2
4398048608770 -3
13194141630722 -2
4398048673794 -3
13194141663234 -2
4398065385474 -2
13194150019074 2
4399122350082 1
13194678501378 -2
4535487561730 -3
13262861107202 0
21990234652676 0
21990238846978 -4
21990503088130 -4
22024594391042 -3
39582420697090 -2
2098178 -3
2099712 -1
6292992 -5
270534144 -4
34361837056 -2
4398048609792 2
2130944 -3
2163200 0
6324736 2
270565888 -2
34361868800 -3
4398048641536 -3
10486784 -2
18874880 -2
278921728 0
34370224640 0
4398056997376 3
538969088 -2
543162880 -3
1075839488 -1
34898706944 0
4398585479680 0
68721574912 -2
68725768704 -4
68990009856 0
137441051136 -2
4466768085504 -2
8796095120384 -3
8796099314176 -4
8796363555328 -2
8830454858240 -3
17592188142080 -3
6292736 -5
14680832 -7
274727680 -7
34366030592 -5
4398052803328 -2
6357248 -4
14713088 -5
274759936 0
34366062848 -4
4398052835584 0
23068929 4
23069184 4
23085312 5
39846144 0
291504384 2
34382807296 0
4398069580032 4
551551232 -5
1080033536 2
34902900992 0
4398589673728 2
68734157056 -5
68994203904 2
137445245184 -4
4466772279552 -4
8796107702528 -6
8796367749376 -2
8830459052288 -4
17592192336128 0
270533888 -3
807404288 -5
34630271744 -18
4398317044480 1
270598400 -2
807436544 -4
34630304000 -2
4398317076736 -2
287310080 -3
815792384 -2
34638659840 -18
4398325432576 3
1344274944 0
1348468992 -4
2418016512 -3
35704013056 -18
4399390785792 2
69526880512 2
137709486336 2
4467036520704 3
8796900425984 -2
8830723293440 -2
17592456577280 1
34361836800 -1
103081313024 -4
4432408347392 2
34361901312 -2
103081345280 -3
4432408379648 -2
34378612992 -3
103089701120 -2
4432416735488 3
35435577600 2
103618183424 -2
4432945217792 3
171800789504 -3
171804983552 -4
172069224704 -18
309239742720 -4
4569847300352 2
8899174334720 -3
17626547880192 1
4398048609536 3
13194141631232 3
4398048674048 -2
13194141663488 0
4398065385728 2
13194150019328 3
4399122350336 0
13194678501632 3
4535487561984 -2
13262861107456 0
21990234653184 -3
21990238847232 -4
21990503088384 -2
22024594391296 -3
39582420697344 -1
2228226 -4
2228480 -5
2424832 0
6488064 0
270729216 2
34362032128 1
4398048804864 2
10616832 1
18939904 -3
278986752 2
34370289664 1
4398057062400 2
539099136 -4
543227904 0
1075904512 -4
34898771968 -3
4398585544704 0
68721704960 0
68725833728 2
68990074880 -2
137441116160 -1
4466768150528 2
8796095250432 -4
8796099379200 1
8796363620352 -2
8830454923264 0
17592188207104 0
6455296 0
14778368 -5
274825216 0
34366128128 1
4398052900864 0
23101441 4
23101568 4
23134208 4
39878656 0
291536896 4
34382839808 4
4398069612544 4
551583744 -5
1080066048 0
34902933504 -1
4398589706240 0
68734189568 -5
68994236416 2
137445277696 -3
4466772312064 1
8796107735040 -5
8796367781888 0
8830459084800 0
17592192368640 1
270696448 5
807501824 4
34630369280 2
4398317142016 2
287342592 3
815824896 4
34638692352 2
4398325465088 2
1344339968 0
1348501504 0
2418049024 0
35704045568 0
4399390818304 0
69526913024 2
137709518848 1
4467036553216 2
8796900458496 0
8830723325952 2
17592456609792 2
34361999360 -2
103081410560 -2
4432408444928 -2
34378645504 -2
103089733632 3
4432416768000 -1
35435610112 -4
103618215936 -3
4432945250304 0
171800854528 0
171805016064 1
172069257216 1
309239775232 1
4569847332864 -2
8899174367232 -3
17626547912704 3
4398048772096 -2
13194141728768 4
4398065418240 -2
13194150051840 5
4399122382848 -1
13194678534144 4
4535487594496 -2
13262861139968 1
21990234718208 -4
21990238879744 -2
21990503120896 -1
22024594423808 -3
39582420729856 -2
27262979 6
27263105 5
27279361 3
44040193 5
295698433 5
34387001345 5
4398073774081 5
27263360 6
27279488 -18
44040320 3
295698560 5
34387001472 5
4398073774208 5
27312128 5
44056576 2
295714816 -18
34387017728 5
4398073790464 5
35651586 -3
35651840 -4
35684352 -3
52428801 2
52428928 2
52445184 2
85983232 -1
320864256 2
34412167168 2
4398098939904 2
572522496 -3
1092616192 -3
34915483648 3
4398602256384 3
68755128320 -4
69006786560 2
137457827840 -2
4466784862208 2
8796128673792 -3
8796380332032 -3
8830471634944 2
17592204918784 -1
312475648 2
832569344 5
34655436800 -18
4398342209536 3
1352663041 4
1352663168 3
1352679424 -18
1361051648 -2
2426404864 -2
35712401408 -18
4399399174144 3
69535268864 3
137717874688 2
4467044909056 3
8796908814336 -2
8830731681792 2
17592464965632 2
34403778560 3
103106478080 6
4432433512448 5
35443965952 5
103626571776 3
4432953606144 5
171809177601 4
171809177728 4
171809193984 4
171817566208 -3
172077613056 -18
309248131072 3
4569855688704 4
8899182723072 3
17626556268544 5
4398090551296 5
13194166796288 6
4399130738688 4
13194686889984 5
4535495950336 3
13262869495808 5
21990243041281 2
21990243041408 0
21990243057664 3
21990251429888 -1
21990511476736 0
22024602779648 3
39582429085696 2
559939585 4
559939712 4
559955968 4
576716800 0
1096810496 4
34919677952 4
4398606450688 4
1625292800 -5
2690646016 0
35976642560 0
4399663415296 2
69271027712 -5
69799510016 -4
137982115840 2
4467309150208 2
8796644573184 -5
8797173055488 0
8830995922944 -2
17592729206784 0
2149580802 -4
2149581056 0
2149613568 -4
2157969408 1
3227516928 0
5370806272 0
37583060992 2
4401269833728 3
70869057536 -5
138514792448 0
4467841826816 -2
8798242603008 -4
8831528599552 0
17593261883392 0
37046190080 2
104691924992 3
4434018959360 4
172341854208 1
172874530816 2
309776613376 3
4570384171008 4
8899711205376 -2
17627084750848 0
4400732962816 3
13195752243200 3
4536024432640 -3
13263397978112 0
21990775717888 0
21991308394496 0
22025131261952 3
39582957568000 2
68742545409 4
68742545536 0
68742561792 2
68759322624 0
69010980864 5
137462022144 4
4466789056512 4
206173110272 -7
206433157120 2
343603675136 -5
4604211232768 2
8864827179008 -7
8865087225856 0
8933538267136 0
17660911812608 0
70067945472 3
71137492992 0
138783227904 0
4468110262272 3
206965833728 1
343867916288 2
4604475473920 3
8865619902464 -1
8933802508288 -2
17661176053760 0
274880004098 -3
274880004352 -2
274880036864 -2
274888392704 -2
275416875008 -3
412323151872 -5
412587393024 2
687196864512 -1
4810365468672 2
9070973026304 -3
17729627095040 -2
4741645991936 3
13400300060672 1
22058958323712 -3
22059222564864 0
22127673606144 -2
39651140173824 1
8796116090881 4
8796116091008 -1
8796116107264 0
8796132868096 -4
8796384526336 0
8830475829248 4
17592209113088 4
26388293746688 -11
26388553793536 -9
26422645096448 -4
43980471402496 -4
8797441490944 -5
8798511038464 -2
8831797035008 0
17593530318848 0
26389086470144 -4
26422909337600 0
43980735643648 -3
8967898005504 -3
8968162246656 1
9105332764672 2
17763986833408 1
26491360378880 -3
44014826946560 -1
35184374185986 -2
35184374186240 0
35184374218752 2
35184382574592 2
35184911056896 -2
35253093662720 -2
52776564424704 -4
52776828665856 -4
52810919968768 0
87960932319232 0
268435476 2
805306380 1
34628173836 0
4398314946572 2
268435720 0
268435972 -1
805306628 0
34628174084 0
4398314946820 3
268468232 3
268500996 2
805339140 1
34628206596 2
4398314979332 2
272629768 5
276824068 2
809500676 2
34632368132 5
4398319140868 6
1342177288 3
2415919108 1
35701915652 2
4399388688388 3
68987912200 2
69524783108 0
137707388932 0
4467034423300 2
8796361457672 0
8796898328580 0
8830721196036 0
17592454479876 2
805306378 -2
1879048198 -11
35165044742 -6
4398851817478 -3
805306882 0
1879048450 -3
35165044994 0
4398851817730 1
805371906 -3
1879080962 -4
35165077506 0
4398851850242 -2
813694978 2
1883242498 -3
35169239042 3
4398856011778 1
2952790020 2
2952790146 0
2952806402 0
2954887170 -6
5100273666 0
37312528386 3
4400999301122 1
70598524930 -4
138244259842 0
4467571294210 0
8797972070402 -4
8831258066946 0
17592991350786 0
34628173834 2
103347650566 -3
4432674684934 1
34628174338 -2
103347650818 2
4432674685186 2
34628239362 -1
103347683330 -2
4432674717698 2
34636562434 0
103351844866 2
4432678879234 5
36775657474 -2
104421392386 -2
4433748426754 2
172067127300 2
172603998210 -3
309506080770 1
4570113638402 3
8899440672770 -2
17626814218242 0
4398314946570 2
13194407968774 2
4398314947074 -1
13194407969026 3
4398315012098 1
13194408001538 3
4398323335170 2
13194412163074 4
4400462430210 0
13195481710594 4
4535753900034 1
13263127445506 0
21990500990980 1
21991037861890 -3
22024860729346 0
39582687035394 2
268436482 -3
268438016 -1
805307904 2
34628175360 -2
4398314948096 1
268469248 -2
268501504 0
805339648 -3
34628207104 0
4398314979840 -1
272630784 -3
276824576 2
809501184 -1
34632368640 2
4398319141376 0
1342178304 0
2415919616 0
35701916160 2
4399388688896 3
68987913216 0
69524783616 0
137707389440 -2
4467034423808 3
8796361458688 -2
8796898329088 -3
8830721196544 0
17592454480384 0
805307648 -1
1879048960 -5
35165045504 -2
4398851818240 2
805372160 -3
1879081216 -4
35165077760 -1
4398851850496 -2
813695232 2
1883242752 -3
35169239296 2
4398856012032 2
2952790273 4
2952790528 3
2952806656 0
2954887424 2
5100273920 1
37312528640 2
4400999301376 3
70598525184 -3
138244260096 3
4467571294464 2
8797972070656 -4
8831258067200 0
17592991351040 0
34628175104 -2
103347651328 -4
4432674685696 2
34628239616 -1
103347683584 -2
4432674717952 3
34636562688 0
103351845120 3
4432678879488 5
36775657728 -2
104421392640 -2
4433748427008 2
172067127808 2
172603998464 -2
309506081024 0
4570113638656 2
8899440673024 -2
17626814218496 1
4398314947840 2
13194407969536 3
4398315012352 0
13194408001792 2
4398323335424 2
13194412163328 4
4400462430464 2
13195481710848 4
4535753900288 3
13263127445760 3
21990500991488 -2
21991037862144 0
22024860729600 0
39582687035648 2
268566530 -4
268566784 -3
268763136 0
805502976 0
34628370432 2
4398315143168 2
272760832 -2
276889600 0
809566208 -1
34632433664 2
4398319206400 2
1342308352 -2
2415984640 -2
35701981184 1
4399388753920 0
68988043264 -2
69524848640 -3
137707454464 -3
4467034488832 1
8796361588736 -4
8796898394112 -2
8830721261568 1
17592454545408 0
805470208 -2
1879146496 -3
35165143040 2
4398851915776 1
813727744 2
1883275264 -2
35169271808 2
4398856044544 0
2952822785 3
2952822912 3
2952855552 0
2954919936 4
5100306432 3
37312561152 2
4400999333888 2
70598557696 -4
138244292608 -3
4467571326976 2
8797972103168 -4
8831258099712 2
17592991383552 0
34628337664 0
103347748864 2
4432674783232 4
34636595200 0
103351877632 0
4432678912000 4
36775690240 0
104421425152 2
4433748459520 1
172067192832 2
172604030976 2
309506113536 2
4570113671168 2
8899440705536 0
17626814251008 3
4398315110400 0
13194408067072 5
4398323367936 2
13194412195840 5
4400462462976 2
13195481743360 4
4535753932800 3
13263127478272 3
21990501056512 -2
21991037894656 -1
22024860762112 0
39582687068160 2
285212674 -5
285212928 -5
285245440 -5
310378496 0
830472192 4
34653339648 4
4398340112384 5
1358954496 -5
2424307712 1
35710304256 0
4399397076992 5
69004689408 -6
69533171712 -2
137715777536 2
4467042811904 2
8796378234880 -5
8796906717184 0
8830729584640 0
17592462868480 2
826277888 3
1891631104 -3
35177627648 6
4398864400384 5
2956984321 4
2956984448 4
2957000704 3
2961178624 0
5104467968 3
37316722688 4
4401003495424 5
70602719232 -2
138248454144 1
4467575488512 1
8797976264704 -3
8831262261248 2
17592995545088 0
34649145344 4
103360233472 5
4432687267840 5
36779851776 5
104425586688 4
4433752621056 5
172075515904 2
172608192512 4
309510275072 5
4570117832704 5
8899444867072 -2
17626818412544 4
4398335918080 5
13194420551680 5
4400466624512 4
13195485904896 5
4535758094336 3
13263131639808 2
21990509379584 0
21991042056192 1
22024864923648 4
39582691229696 5
3489660931 4
3489661057 3
3489677313 4
3491758081 4
5637144577 3
37849399297 3
4401536172033 5
3489661312 4
3489677440 4
3491758208 2
5637144704 5
37849399424 2
4401536172160 5
3489710080 4
3491774464 -18
5637160960 1
37849415680 5
4401536188416 5
3495952384 3
5639241728 -2
37851496448 -18
4401538269184 3
4563402754 -3
4563403008 -2
4563435520 -1
4567597056 6
6710886401 3
6710886528 2
6710902784 1
6712983552 0
11005853696 3
41070624768 3
4404757397504 3
73282879488 -2
139854872576 -2
4469181906944 3
8800656424960 -2
8832868679680 0
17594601963520 1
39996882944 0
106568876032 4
4435895910400 5
173140869121 3
173140869248 2
173140885504 4
173142966272 -18
174214610944 1
310579822592 0
4571187380224 3
8900514414592 3
17627887960064 3
4403683655680 5
13197629194240 6
4536827641856 3
13264201187328 5
21991574732801 3
21991574732928 2
21991574749184 4
21991576829952 0
21992648474624 0
22025934471168 2
39583760777216 3
71672266753 3
71672266880 2
71672283136 2
71674363904 2
73819750400 1
140391743488 3
4469718777856 3
208037478400 -3
344402690048 0
4605010247680 1
8866691547136 -4
8934337282048 -4
17661710827520 0
275146342402 -2
275146342656 1
275146375168 0
275150536704 -2
276220084224 2
413122166784 1
687463202816 0
4810631806976 3
9071239364608 -3
17729893433344 -1
4741912330240 3
13400566398976 3
22059757338624 0
22127939944448 0
39651406512128 3
8799045812225 2
8799045812352 2
8799045828608 0
8799047909376 0
8801193295872 0
8833405550592 2
17595138834432 0
26390158114816 -4
26423444111360 0
43981270417408 -3
8968697020416 2
9105599102976 2
17764253171712 1
26491626717184 0
44015093284864 0
35184640524290 0
35184640524544 2
35184640557056 1
35184644718592 4
35185714266112 2
35253360001024 0
52777363439616 -3
52811186307072 0
87961198657536 2
34359738388 1
103079215116 -2
4432406249484 1
34359738632 2
34359738884 -2
103079215364 -2
4432406249732 3
34359771144 3
34359803908 2
103079247876 -1
4432406282244 4
34363932680 3
34368126980 -1
103083409412 -2
4432410443780 4
34896609288 3
35433480196 0
103616086020 0
4432943120388 3
171798691848 2
309237645316 2
4569845202948 3
8830452760584 0
8899172237316 -1
17626545782788 2
103079215114 -2
240518168582 -3
4501125726214 -3
103079215618 -2
240518168834 -3
4501125726466 -2
103079280642 1
240518201346 -3
4501125758978 0
103087603714 -4
240522362882 -4
4501129920514 0
104152956930 2
241055039490 -2
4501662597122 3
377957122052 0
377957122178 2
377957138434 0
377959219202 -3
378225557506 -2
652835028994 0
4776003633154 3
9036611190786 -3
17695265259522 -1
4432406249482 2
13228499271686 0
4432406249986 2
13228499271938 3
4432406315010 2
13228499304450 5
4432414638082 2
13228503465986 5
4433479991298 -1
13229036142594 0
4707284156418 1
13365938225154 2
22024592293892 0
22093311770626 -3
39616778338306 2
34359739394 -2
34359740928 3
103079216640 2
4432406251008 4
34359772160 18
34359804416 18
103079248384 18
4432406282752 18
34363933696 18
34368127488 18
103083409920 18
4432410444288 18
34896610304 3
35433480704 1
103616086528 -2
4432943120896 3
171798692864 3
309237645824 3
4569845203456 4
8830452761600 -2
8899172237824 -2
17626545783296 0
103079216384 3
240518169344 -2
4501125726976 5
103079280896 18
240518201600 -3
4501125759232 18
103087603968 18
240522363136 -3
4501129920768 18
104152957184 1
241055039744 -2
4501662597376 3
377957122305 2
377957122560 2
377957138688 0
377959219456 -2
378225557760 0
652835029248 2
4776003633408 3
9036611191040 -3
17695265259776 -1
4432406250752 3
13228499272448 5
4432406315264 18
13228499304704 18
4432414638336 18
13228503466240 18
4433479991552 2
13229036142848 3
4707284156672 4
13365938225408 5
22024592294400 2
22093311770880 -2
39616778338560 4
34359869442 -4
34359869696 18
34360066048 1
103079411712 2
4432406446080 4
34364063744 18
34368192512 18
103083474944 18
4432410509312 18
34896740352 -4
35433545728 -4
103616151552 -4
4432943185920 2
171798822912 -2
309237710848 2
4569845268480 3
8830452891648 -3
8899172302848 0
17626545848320 0
103079378944 -2
240518266880 -2
4501125824512 7
103087636480 18
240522395648 -2
4501129953280 18
104152989696 -1
241055072256 -2
4501662629888 2
377957154817 3
377957154944 3
377957187584 3
377959251968 3
378225590272 2
652835061760 3
4776003665920 4
9036611223552 -3
17695265292288 3
4432406413312 4
13228499369984 7
4432414670848 18
13228503498752 18
4433480024064 2
13229036175360 3
4707284189184 4
13365938257920 4
22024592359424 3
22093311803392 -2
39616778371072 5
34376515586 -4
34376515840 18
34376548352 18
34401681408 0
103104380928 4
4432431415296 4
34913386496 -5
35441868800 0
103624474624 -2
4432951508992 1
171815469056 -4
309246033920 0
4569853591552 3
8830469537792 -4
8899180625920 -2
17626554171392 -1
103100186624 -2
240530751488 -2
4501138309120 6
104157151232 2
241059233792 -2
4501666791424 2
377961316353 4
377961316480 5
377961332736 5
377965510656 0
378229751808 4
652839223296 3
4776007827456 5
9036615385088 -2
17695269453824 -1
4432427220992 5
13228511854592 6
4433484185600 3
13229040336896 5
4707288350720 5
13365942419456 5
22024600682496 0
22093315964928 1
39616782532608 5
36507222018 -4
36507222272 -4
36507254784 -4
36511416320 -3
39728447488 1
106300440576 3
4435627474944 3
173946175488 -3
310311387136 2
4570918944768 1
8832600244224 -4
8900245979136 -3
17627619524608 2
105763569664 1
242128781312 -2
4502736338944 3
378493992961 2
378493993088 2
378494009344 2
378496090112 2
379030863872 1
653371899904 1
4776540504064 3
9037148061696 -3
17695802130432 0
4435090604032 3
13230109884416 4
4707821027328 3
13366475096064 3
22025666035712 0
22093848641536 1
39617315209216 3
446676598787 4
446676598913 3
446676615169 3
446678695937 1
446945034241 4
721554505729 2
4844723109889 4
446676599168 2
446676615296 3
446678696064 0
446945034368 3
721554505856 2
4844723110016 3
446676647936 2
446678712320 1
446945050624 4
721554522112 -1
4844723126272 3
446682890240 -2
446947131392 -18
721556602880 -2
4844725207040 2
447481905152 3
721822941184 0
4844991545344 4
584115552258 -1
584115552512 3
584115585024 3
584119746560 6
584652423168 3
858993459201 2
858993459328 2
858993475584 1
858995556352 1
859261894656 2
1408749273088 2
5257039970304 2
9380208574464 0
17901423689728 1
5119601016832 3
13640816132096 4
22162031247361 2
22162031247488 0
22162031263744 2
22162033344512 0
22162299682816 2
22299470200832 0
39754217291776 2
9174050144257 2
9174050144384 2
9174050160640 -2
9174052241408 2
9174318579712 2
9448928051200 -1
17970143166464 3
26628797235200 -3
44083544326144 -1
35218731827202 0
35218731827456 3
35218731859968 3
35218736021504 4
35219268698112 0
35356170780672 2
52879637348352 2
87995289960448 0
4398046511124 2
13194139533324 2
4398046511368 2
4398046511620 2
13194139533572 3
4398046543880 4
4398046576644 3
13194139566084 5
4398050705416 4
4398054899716 2
13194143727620 5
4398583382024 3
4399120252932 0
13194676404228 3
4466765987848 3
4535485464580 1
13262859010052 2
21990232555528 2
39582418599940 2
13194139533322 2
30786325577734 -2
13194139533826 3
30786325577986 0
13194139598850 0
30786325610498 -2
13194147921922 2
30786329772034 3
13195213275138 0
30786862448642 0
13331578486786 1
30855045054466 0
48378511622148 2
48378511622274 0
48378511638530 0
48378513719298 -2
48378780057602 2
48412871360514 2
83562883710978 2
4398046512130 -2
4398046513664 3
13194139534848 4
4398046544896 18
4398046577152 18
13194139566592 18
4398050706432 18
4398054900224 18
13194143728128 18
4398583383040 0
4399120253440 -2
13194676404736 0
4466765988864 0
4535485465088 -2
13262859010560 2
21990232556544 -2
39582418600448 2
13194139534592 3
30786325578496 3
13194139599104 18
30786325610752 0
13194147922176 18
30786329772288 5
13195213275392 0
30786862448896 2
13331578487040 3
30855045054720 0
48378511622401 3
48378511622656 3
48378511638784 2
48378513719552 -1
48378780057856 2
48412871360768 4
83562883711232 3
4398046642178 -3
4398046642432 18
4398046838784 3
13194139729920 4
4398050836480 18
4398054965248 18
13194143793152 18
4398583513088 18
4399120318464 18
13194676469760 18
4466766118912 -2
4535485530112 2
13262859075584 1
21990232686592 -3
39582418665472 3
13194139697152 5
30786325676032 4
13194147954688 18
30786329804800 6
13195213307904 18
30786862481408 4
13331578519552 3
30855045087232 1
48378511654913 2
48378511655040 2
48378511687680 2
48378513752064 -2
48378780090368 2
48412871393280 4
83562883743744 5
4398063288322 -3
4398063288576 18
4398063321088 18
4398088454144 2
13194164699136 4
4398600159232 18
4399128641536 18
13194684792832 18
4466782765056 -4
4535493853184 -4
13262867398656 2
21990249332736 -3
39582426988544 2
13194160504832 6
30786338160640 5
13195217469440 18
30786866642944 3
13331582681088 3
30855049248768 3
48378515816449 4
48378515816576 4
48378515832832 5
48378520010752 2
48378784251904 4
48412875554816 4
83562887905280 5
4400193994754 -2
4400193995008 -2
4400194027520 18
4400198189056 18
4403415220224 1
13197360758784 3
4468913471488 -3
4536559206400 2
13263932751872 0
21992380039168 -3
39583492341760 1
13196823887872 2
30787936190464 2
13332115357696 1
30855581925376 0
48379048493057 3
48379048493184 2
48379048509440 3
48379050590208 2
48379585363968 0
48413408231424 3
83563420581888 3
4672924418050 -2
4672924418304 1
4672924450816 0
4672928612352 -2
4673461288960 -3
5085241278464 2
13606456393728 3
22265110462464 -2
39719857553408 1
13537736916992 1
30992484007936 1
48447231098881 2
48447231099008 2
48447231115264 2
48447233196032 2
48447499534336 2
48515950575616 2
83631603187712 3
57174604644355 2
57174604644481 1
57174604660737 2
57174606741505 -2
57174873079809 2
57208964382721 1
92358976733185 0
57174604644736 0
57174604660864 0
57174606741632 -3
57174873079936 1
57208964382848 1
92358976733312 -2
57174604693504 2
57174606757888 -3
57174873096192 1
57208964399104 1
92358976749568 1
57174610935808 -4
57174875176960 -2
57208966479872 -3
92358978830336 -3
57175409950720 -3
57209232818176 1
92359245168640 0
57277683859456 -2
92393336471552 0
74766790688770 2
74766790689024 4
74766790721536 5
74766794883072 6
74767327559680 3
74835510165504 3
109951162777601 2
109951162777728 0
109951162793984 2
109951164874752 -1
109951431213056 0
109985522515968 2
180319906955264 2
